1.000E-03 5.785E+02 
1.500E-03 5.825E+02 
2.000E-03 5.885E+02 
2.500E-03 5.962E+02 
3.000E-03 6.053E+02 
4.000E-03 6.260E+02 
5.000E-03 6.485E+02 
6.000E-03 6.717E+02 
7.000E-03 6.952E+02 
8.000E-03 7.186E+02 
9.000E-03 7.418E+02 
1.000E-02 7.647E+02 
1.250E-02 8.202E+02 
1.500E-02 8.733E+02 
1.750E-02 9.241E+02 
2.000E-02 9.726E+02 
2.250E-02 1.019E+03 
2.500E-02 1.064E+03 
2.750E-02 1.107E+03 
3.000E-02 1.149E+03 
3.500E-02 1.228E+03 
4.000E-02 1.303E+03 
4.500E-02 1.374E+03 
5.000E-02 1.442E+03 
5.500E-02 1.507E+03 
6.000E-02 1.569E+03 
6.500E-02 1.629E+03 
7.000E-02 1.686E+03 
7.500E-02 1.742E+03 
8.000E-02 1.796E+03 
8.500E-02 1.848E+03 
9.000E-02 1.899E+03 
9.500E-02 1.949E+03 
1.000E-01 1.997E+03 
1.250E-01 2.221E+03 
1.500E-01 2.422E+03 
1.750E-01 2.603E+03 
2.000E-01 2.769E+03 
2.250E-01 2.921E+03 
2.500E-01 3.060E+03 
2.750E-01 3.187E+03 
3.000E-01 3.302E+03 
3.500E-01 3.502E+03 
4.000E-01 3.661E+03 
4.500E-01 3.781E+03 
5.000E-01 3.864E+03 
5.500E-01 3.911E+03 
6.000E-01 3.927E+03 
6.500E-01 3.904E+03 
7.000E-01 3.855E+03 
7.500E-01 3.788E+03 
8.000E-01 3.712E+03 
8.500E-01 3.631E+03 
9.000E-01 3.548E+03 
9.500E-01 3.464E+03 
1.000E+00 3.382E+03 
1.250E+00 3.001E+03 
1.500E+00 2.688E+03 
1.750E+00 2.435E+03 
2.000E+00 2.228E+03 
2.250E+00 2.057E+03 
2.500E+00 1.912E+03 
2.750E+00 1.790E+03 
3.000E+00 1.684E+03 
3.500E+00 1.510E+03 
4.000E+00 1.371E+03 
4.500E+00 1.258E+03 
5.000E+00 1.164E+03 
5.500E+00 1.084E+03 
6.000E+00 1.016E+03 
6.500E+00 9.566E+02 
7.000E+00 9.044E+02 
7.500E+00 8.582E+02 
8.000E+00 8.168E+02 
8.500E+00 7.797E+02 
9.000E+00 7.460E+02 
9.500E+00 7.155E+02 
1.000E+01 6.876E+02 
1.250E+01 5.775E+02 
1.500E+01 4.999E+02 
1.750E+01 4.421E+02 
2.000E+01 3.971E+02 
2.500E+01 3.315E+02 
2.750E+01 3.068E+02 
3.000E+01 2.858E+02 
3.500E+01 2.519E+02 
4.000E+01 2.258E+02 
4.500E+01 2.049E+02 
5.000E+01 1.879E+02 
5.500E+01 1.736E+02 
6.000E+01 1.616E+02 
6.500E+01 1.512E+02 
7.000E+01 1.423E+02 
7.500E+01 1.344E+02 
8.000E+01 1.274E+02 
8.500E+01 1.212E+02 
9.000E+01 1.156E+02 
9.500E+01 1.105E+02 
1.000E+02 1.059E+02 
1.250E+02 8.818E+01 
1.500E+02 7.596E+01 
1.750E+02 6.701E+01 
2.000E+02 6.017E+01 
2.250E+02 5.475E+01 
2.500E+02 5.036E+01 
2.750E+02 4.671E+01 
3.000E+02 4.364E+01 
3.500E+02 3.875E+01 
4.000E+02 3.502E+01 
4.500E+02 3.208E+01 
5.000E+02 2.970E+01 
5.500E+02 2.774E+01 
6.000E+02 2.609E+01 
6.500E+02 2.468E+01 
7.000E+02 2.347E+01 
7.500E+02 2.241E+01 
8.000E+02 2.149E+01 
8.500E+02 2.067E+01 
9.000E+02 1.993E+01 
9.500E+02 1.928E+01 
1.000E+03 1.869E+01 