1.000E-03 3.485E+02 
1.500E-03 3.933E+02 
2.000E-03 4.350E+02 
2.500E-03 4.737E+02 
3.000E-03 5.099E+02 
4.000E-03 5.762E+02 
5.000E-03 6.360E+02 
6.000E-03 6.910E+02 
7.000E-03 7.420E+02 
8.000E-03 7.899E+02 
9.000E-03 8.352E+02 
1.000E-02 8.781E+02 
1.250E-02 9.622E+02 
1.500E-02 1.035E+03 
1.750E-02 1.099E+03 
2.000E-02 1.157E+03 
2.250E-02 1.208E+03 
2.500E-02 1.254E+03 
2.750E-02 1.295E+03 
3.000E-02 1.331E+03 
3.500E-02 1.393E+03 
4.000E-02 1.441E+03 
4.500E-02 1.478E+03 
5.000E-02 1.504E+03 
5.500E-02 1.521E+03 
6.000E-02 1.532E+03 
6.500E-02 1.535E+03 
7.000E-02 1.533E+03 
7.500E-02 1.527E+03 
8.000E-02 1.517E+03 
8.500E-02 1.503E+03 
9.000E-02 1.487E+03 
9.500E-02 1.469E+03 
1.000E-01 1.450E+03 
1.250E-01 1.340E+03 
1.500E-01 1.228E+03 
1.750E-01 1.128E+03 
2.000E-01 1.042E+03 
2.250E-01 9.684E+02 
2.500E-01 9.057E+02 
2.750E-01 8.514E+02 
3.000E-01 8.041E+02 
3.500E-01 7.254E+02 
4.000E-01 6.625E+02 
4.500E-01 6.112E+02 
5.000E-01 5.683E+02 
5.500E-01 5.319E+02 
6.000E-01 5.003E+02 
6.500E-01 4.729E+02 
7.000E-01 4.487E+02 
7.500E-01 4.271E+02 
8.000E-01 4.078E+02 
8.500E-01 3.904E+02 
9.000E-01 3.745E+02 
9.500E-01 3.600E+02 
1.000E+00 3.467E+02 
1.250E+00 2.939E+02 
1.500E+00 2.564E+02 
1.750E+00 2.281E+02 
2.000E+00 2.059E+02 
2.250E+00 1.880E+02 
2.500E+00 1.732E+02 
2.750E+00 1.608E+02 
3.000E+00 1.502E+02 
3.500E+00 1.330E+02 
4.000E+00 1.196E+02 
4.500E+00 1.088E+02 
5.000E+00 9.995E+01 
5.500E+00 9.255E+01 
6.000E+00 8.624E+01 
6.500E+00 8.081E+01 
7.000E+00 7.608E+01 
7.500E+00 7.191E+01 
8.000E+00 6.821E+01 
8.500E+00 6.491E+01 
9.000E+00 6.194E+01 
9.500E+00 5.924E+01 
1.000E+01 5.680E+01 
1.250E+01 4.725E+01 
1.500E+01 4.064E+01 
1.750E+01 3.578E+01 
2.000E+01 3.204E+01 
2.500E+01 2.664E+01 
2.750E+01 2.463E+01 
3.000E+01 2.293E+01 
3.500E+01 2.021E+01 
4.000E+01 1.812E+01 
4.500E+01 1.647E+01 
5.000E+01 1.513E+01 
5.500E+01 1.401E+01 
6.000E+01 1.308E+01 
6.500E+01 1.227E+01 
7.000E+01 1.158E+01 
7.500E+01 1.097E+01 
8.000E+01 1.043E+01 
8.500E+01 9.958E+00 
9.000E+01 9.532E+00 
9.500E+01 9.148E+00 
1.000E+02 8.801E+00 
1.250E+02 7.463E+00 
1.500E+02 6.553E+00 
1.750E+02 5.895E+00 
2.000E+02 5.396E+00 
2.250E+02 5.005E+00 
2.500E+02 4.691E+00 
2.750E+02 4.433E+00 
3.000E+02 4.218E+00 
3.500E+02 3.879E+00 
4.000E+02 3.626E+00 
4.500E+02 3.431E+00 
5.000E+02 3.277E+00 
5.500E+02 3.152E+00 
6.000E+02 3.049E+00 
6.500E+02 2.964E+00 
7.000E+02 2.892E+00 
7.500E+02 2.831E+00 
8.000E+02 2.779E+00 
8.500E+02 2.734E+00 
9.000E+02 2.695E+00 
9.500E+02 2.661E+00 
1.000E+03 2.631E+00 
1.500E+03 2.472E+00 
2.000E+03 2.426E+00 
2.500E+03 2.420E+00 
3.000E+03 2.429E+00 
4.000E+03 2.467E+00 
5.000E+03 2.511E+00 
6.000E+03 2.555E+00 
7.000E+03 2.596E+00 
8.000E+03 2.634E+00 
9.000E+03 2.669E+00 
1.000E+04 2.702E+00 